22678622
22678646
22678670
22678694
22580192
22580218
22580244
22580270
22670620
22670643
22670673
22670703
53581379
53581406
53581433
53581460
27829161
27829215
22670442
22670488
53581769
53581796
24065530
24065584
24055600
24055654
50999459
51048738
51048765
20588308
20588334
22580367
22580419
22670278
22670324
53582540
53582567
53586361
53586388
53586415
53586442
53581860
53581914
20588138
20588164
20588190
20588216
50997053
50997080
20587758
20587810
53582395
53582449
50999121
50999175
50999273
50999327
50994706
50994733
50994760
50994787
50994814
50994868
22613944
22613996
24065380
24065407
24065434
24065461
53581237
53581264
22580492
22580520
22580548
22580576
53582304
53582331
53587690
53587744
24054997
24055051
24065270
24065308
50998322
50998349
50996325
50996352
50996379
50996406
50995872
50995899
20588680
50994137
50994191
50994273
50994354
53581124
53581151
53580979
53581006
53581033
53581060
50998607
50998661
22613848