,image_ids
0,20587758
1,20587810
2,20588138
3,20588164
4,20588190
5,20588216
6,20588308
7,20588334
8,20588680
9,22580192
10,22580218
11,22580244
12,22580270
13,22580367
14,22580419
15,22613848
16,22613944
17,22613996
18,22670278
19,22670324
20,22670442
21,22670488
22,22670620
23,22670643
24,22670673
25,22670703
26,22678622
27,22678646
28,22678670
29,22678694
30,24054997
31,24055051
32,24065270
33,24065308
34,24065530
35,24065584
36,27829161
37,27829215
38,50994137
39,50994191
40,50994273
41,50994354
42,50994706
43,50994733
44,50994760
45,50994787
46,50994814
47,50994868
48,50995872
49,50995899
50,50996325
51,50996352
52,50996379
53,50996406
54,50997053
55,50997080
56,50998322
57,50998349
58,50998607
59,50998661
60,50999121
61,50999175
62,50999273
63,50999327
64,50999459
65,51048738
66,51048765
67,53580979
68,53581006
69,53581033
70,53581060
71,53581124
72,53581151
73,53581237
74,53581264
75,53581379
76,53581406
77,53581433
78,53581460
79,53581769
80,53581796
81,53581860
82,53581914
83,53582304
84,53582331
85,53582395
86,53582449
87,53582540
88,53582567
89,53586361
90,53586388
91,53586415
92,53586442
93,53587690
94,53587744
